31 16
1000000000000000111010010011111
0100000000000000000101001000111
0010000000000000000100100101011
0001000000000000000111111110011
0000100000000000100100001101101
0000010000000000101000010110101
0000001000000000110000011011001
0000000100000000001111011000000
0000000010000000100101100001110
0000000001000000101010100010110
0000000000100000110011000011010
0000000000010000010110110100000
0000000000001000111100000011100
0000000000000100100101101100000
0000000000000010111100011100000
0000000000000001111111100000000
1 2 3 4 5 6 7 31 9 10 11 30 13 29 28 24 17 18 19 20 21 22 23 25 26 27 16 15 14 12 8 