31 26
1000000000000000000000000001111
0100000000000000000000000010111
0010000000000000000000000010011
0001000000000000000000000001011
0000100000000000000000000000111
0000010000000000000000000011111
0000001000000000000000000011011
0000000100000000000000000000011
0000000010000000000000000001101
0000000001000000000000000010101
0000000000100000000000000010001
0000000000010000000000000001001
0000000000001000000000000000101
0000000000000100000000000011101
0000000000000010000000000011001
0000000000000001000000000011000
0000000000000000100000000001110
0000000000000000010000000010110
0000000000000000001000000010010
0000000000000000000100000001010
0000000000000000000010000000110
0000000000000000000001000011110
0000000000000000000000100011010
0000000000000000000000010011100
0000000000000000000000001001100
0000000000000000000000000110100
1 2 3 4 5 6 7 8 9 10 11 12 13 14 15 31 17 18 19 20 21 22 23 30 25 26 27 28 29 24 16 