63 57
100000000000000000000000000000000000000000000000000000000111111
010000000000000000000000000000000000000000000000000000000100111
001000000000000000000000000000000000000000000000000000000010111
000100000000000000000000000000000000000000000000000000000001111
000010000000000000000000000000000000000000000000000000000110111
000001000000000000000000000000000000000000000000000000000101111
000000100000000000000000000000000000000000000000000000000011111
000000010000000000000000000000000000000000000000000000000000111
000000001000000000000000000000000000000000000000000000000111011
000000000100000000000000000000000000000000000000000000000100011
000000000010000000000000000000000000000000000000000000000010011
000000000001000000000000000000000000000000000000000000000001011
000000000000100000000000000000000000000000000000000000000110011
000000000000010000000000000000000000000000000000000000000101011
000000000000001000000000000000000000000000000000000000000011011
000000000000000100000000000000000000000000000000000000000000011
000000000000000010000000000000000000000000000000000000000111101
000000000000000001000000000000000000000000000000000000000100101
000000000000000000100000000000000000000000000000000000000010101
000000000000000000010000000000000000000000000000000000000001101
000000000000000000001000000000000000000000000000000000000110101
000000000000000000000100000000000000000000000000000000000101101
000000000000000000000010000000000000000000000000000000000011101
000000000000000000000001000000000000000000000000000000000000101
000000000000000000000000100000000000000000000000000000000111001
000000000000000000000000010000000000000000000000000000000100001
000000000000000000000000001000000000000000000000000000000010001
000000000000000000000000000100000000000000000000000000000001001
000000000000000000000000000010000000000000000000000000000110001
000000000000000000000000000001000000000000000000000000000101001
000000000000000000000000000000100000000000000000000000000011001
000000000000000000000000000000010000000000000000000000000011000
000000000000000000000000000000001000000000000000000000000111110
000000000000000000000000000000000100000000000000000000000100110
000000000000000000000000000000000010000000000000000000000010110
000000000000000000000000000000000001000000000000000000000001110
000000000000000000000000000000000000100000000000000000000110110
000000000000000000000000000000000000010000000000000000000101110
000000000000000000000000000000000000001000000000000000000011110
000000000000000000000000000000000000000100000000000000000000110
000000000000000000000000000000000000000010000000000000000111010
000000000000000000000000000000000000000001000000000000000100010
000000000000000000000000000000000000000000100000000000000010010
000000000000000000000000000000000000000000010000000000000001010
000000000000000000000000000000000000000000001000000000000110010
000000000000000000000000000000000000000000000100000000000101010
000000000000000000000000000000000000000000000010000000000011010
000000000000000000000000000000000000000000000001000000000101000
000000000000000000000000000000000000000000000000100000000111100
000000000000000000000000000000000000000000000000010000000100100
000000000000000000000000000000000000000000000000001000000010100
000000000000000000000000000000000000000000000000000100000001100
000000000000000000000000000000000000000000000000000010000110100
000000000000000000000000000000000000000000000000000001000101100
000000000000000000000000000000000000000000000000000000100011100
000000000000000000000000000000000000000000000000000000010110000
000000000000000000000000000000000000000000000000000000001111000
1 2 3 4 5 6 7 8 9 10 11 12 13 14 15 16 17 18 19 20 21 22 23 24 25 26 27 28 29 30 31 63 33 34 35 36 37 38 39 40 41 42 43 44 45 46 47 62 49 50 51 52 53 54 55 61 57 58 59 60 56 48 32 